1;2;19.00;200.00;1407.00;0;800372965;1978.00;378.00;164.00;0.429;0.276;0.751;40.40;AAU5636W_2600Hz;965.00;470.00;180.00;0.622;0.180;0.622;35.00
1;2;19.00;300.00;1458.00;0;800372965;1978.00;378.00;164.00;0.429;0.276;0.751;40.40;AAU5636W_2600Hz;965.00;470.00;180.00;0.622;0.180;0.622;35.00
1;2;19.00;100.00;1379.00;0;800372965;1978.00;378.00;164.00;0.429;0.276;0.751;40.40;AAU5636W_2600Hz;965.00;470.00;180.00;0.622;0.180;0.622;35.00
1;2;15.00;200.00;1407.00;0;800372965;1978.00;378.00;164.00;0.429;0.276;0.751;40.40;AAU5636W_2600Hz;965.00;470.00;180.00;0.622;0.180;0.622;35.00
2;2;19.00;180.00;1370.00;0;ER2238;454.00;342.00;240.00;0.210;0.120;0.210;30.00;ER2238;454.00;342.00;240.00;0.210;0.120;0.210;30.00
2;2;19.00;280.00;1379.00;0;ER2238;454.00;342.00;240.00;0.210;0.120;0.210;30.00;ER2238;454.00;342.00;240.00;0.210;0.120;0.210;30.00
7;1;18.00;0.00;2.00;0.00
LE
1
1
1
ELE
Final;1
analise;43
ORD
1;3;5
2;4;6
7
8
9;10;11;12
13
EORD