4;1;20.8;0;400;0;K78210612;1400;250;250;15
4;1;20.8;120;400;0;K78210612;1400;250;250;15
4;1;20.8;240;400;0;K78210612;1400;250;250;15
1;1;22.54;50;400;0;5961470P;2683.00;432.00;175.00;0.768;0.403;0.875;43.00
1;1;22.54;170;400;0;5961470P;2683.00;432.00;175.00;0.768;0.403;0.875;43.00
1;1;22.54;290;400;0;5961470P;2683.00;432.00;175.00;0.768;0.403;0.875;43.00
1;1;23.12;0;400;0;AEQQ;730.00;403.00;185.00;0.265;0.122;0.265;30.00
1;1;23.12;120;400;0;AEQQ;730.00;403.00;185.00;0.265;0.122;0.265;30.00
1;1;23.12;240;400;0;AEQQ;730.00;403.00;185.00;0.265;0.122;0.265;30.00
8;0;20.8;0.26;45
8;0;20;0.26;45
1;1;19.35;30;400;0;ATR4518R11;2523.00;359.00;178.00;1.106;0.300;0.922;32.30
1;1;19.35;150;400;0;ATR4518R11;2523.00;359.00;178.00;1.106;0.300;0.922;32.30
1;1;19.35;270;400;0;ATR4518R11;2523.00;359.00;178.00;1.106;0.300;0.922;32.30
5;3;18;240;400;0;RRU 800;1400;400;300;25;RRU 800;1400;400;300;25;RRU 800;1400;400;300;25
5;3;18;150;400;0;RRU 800;1400;400;300;25;RRU 800;1400;400;300;25;RRU 800;1400;400;300;25
3;0;19;300;400;0;MW 600 mm;600.00;300;0.400;0.200;0.400;18.70
8;0;16.70;0.29;33.2
8;0;20.70;0.26;30.6
8;0;7;0.05;5
8;0;14;0.05;5
LE
1
1
1
Ladder;0.00;24.00;0.08;6.00
Cable;0.00;24.00;0.18;17.00
ELE
Final;1
analise;48
ORD
1
2
3
4;5;6
7;8;9
10
11
12;13;14
15
16
17
18
19
20
21
22
23
24
25
EORD